{
  "height": 32,
  "width": 95,
  "x": 873.0499877929688,
  "y": 109.20000457763672
}